#1
double Tmean(600,2)
0.	278.6883639335632
2.6352e6	278.41067399978635
5.2704e6	279.1865715026855
7.9056e6	280.1171125411987
1.05408e7	281.5531286239624
1.3176e7	284.32985248565666
1.58112e7	284.5523351669312
1.84464e7	284.67382946014396
2.10816e7	282.2518419265747
2.37168e7	281.0775207519531
2.6352e7	279.681379699707
2.89872e7	278.2466644287109
3.16224e7	277.61566438674924
3.42504e7	277.647932434082
3.68784e7	278.57621374130247
3.95064e7	279.6024507522583
4.21344e7	281.10509767532346
4.47624e7	283.9320882797241
4.73904e7	284.1944431304932
5.00184e7	284.3468679428101
5.26464e7	281.9504035949707
5.52744e7	280.79786529541013
5.79024e7	279.4206007957458
6.05304e7	278.00247993469236
6.31584e7	277.38596668243406
6.57864e7	277.4314321517944
6.84144e7	278.37149610519407
7.10424e7	279.4082426071167
7.36704e7	280.92027320861814
7.62984e7	283.7555679321289
7.89264e7	284.0252908706665
8.15544e7	284.1844772338867
8.41824e7	281.794362449646
8.68104e7	280.6479643821716
8.94384e7	279.2765544891357
9.20664e7	277.86406507492063
9.46944e7	277.25264301300047
9.73224e7	277.30280055999754
9.99504e7	278.2472633361816
1.025784e8	279.28808488845823
1.052064e8	280.8038896560669
1.078344e8	283.64264907836906
1.104624e8	283.91546764373777
1.130904e8	284.07758178710935
1.157184e8	281.690244102478
1.183464e8	280.54665126800535
1.209744e8	279.17798271179197
1.236024e8	277.7681921958923
1.262304e8	277.15942468643186
1.288656e8	277.2119840621948
1.315008e8	278.15883722305296
1.34136e8	279.2019070625305
1.367712e8	280.7198103904724
1.394064e8	283.5605081558228
1.420416e8	283.8350538253784
1.446768e8	283.99878349304197
1.47312e8	281.61299934387205
1.499472e8	280.47100200653074
1.525824e8	279.10395374298093
1.552176e8	277.6957921028137
1.578528e8	277.0886692047119
1.604808e8	277.1425889968872
1.631088e8	278.09066286087034
1.657368e8	279.13490905761716
1.683648e8	280.65394868850706
1.709928e8	283.4957441329956
1.736208e8	283.7713531494141
1.762488e8	283.93611183166496
1.788768e8	281.5513223648071
1.815048e8	280.4102910995483
1.841328e8	279.04417552947996
1.867608e8	277.6369198799133
1.893888e8	277.0306762695312
1.920168e8	277.0854658126831
1.946448e8	278.0347188949585
1.972728e8	279.0801023483276
1.999008e8	280.6001948356628
2.025288e8	283.4429611206055
2.051568e8	283.71943130493156
2.077848e8	283.88489189147947
2.104128e8	281.5007852554321
2.130408e8	280.3604272842407
2.156688e8	278.9950984954834
2.182968e8	277.5886692047119
2.209248e8	276.9832986831665
2.235528e8	277.03899183273313
2.261808e8	277.98881950378416
2.288088e8	279.03476133346555
2.314368e8	280.55539789199827
2.340648e8	283.39869728088377
2.366928e8	283.6756881713867
2.393208e8	283.8416570663452
2.419488e8	281.4580472946167
2.445768e8	280.318173789978
2.472048e8	278.9533185005188
2.498328e8	277.5473531723022
2.524608e8	276.9424356460571
2.55096e8	276.99857130050657
2.577312e8	277.9490436553955
2.603664e8	278.99584712982175
2.630016e8	280.5172890663147
2.656368e8	283.3613103866577
2.68272e8	283.6389268875122
2.709072e8	283.8053678512573
2.735424e8	281.4221261978149
2.761776e8	280.2826103210449
2.788128e8	278.9181879997253
2.81448e8	277.5127734184265
2.840832e8	276.9084772109985
2.867112e8	276.96530904769895
2.893392e8	277.91631689071653
2.919672e8	278.963428401947
2.945952e8	280.4851731300354
2.972232e8	283.3294910430908
2.998512e8	283.60739936828605
3.024792e8	283.77412643432615
3.051072e8	281.3911651611328
3.077352e8	280.2519258499145
3.103632e8	278.8877743721008
3.129912e8	277.4826263427734
3.156192e8	276.8785904884338
3.1824714e8	276.9356798171997
3.208752e8	277.88693990707395
3.235032e8	278.934300327301
3.2613114e8	280.45628967285154
3.287592e8	283.30084838867185
3.313872e8	283.57899227142326
3.3401514e8	283.74595203399656
3.366432e8	281.3632186889648
3.392712e8	280.22420539855955
3.4189914e8	278.8602746963501
3.445272e8	277.4553441047668
3.471552e8	276.8515228271484
3.4978314e8	276.90882148742674
3.524112e8	277.8602904319763
3.550392e8	278.9078554153442
3.5766714e8	280.43004693984983
3.602952e8	283.27480449676506
3.629232e8	283.55314292907707
3.6555114e8	283.7202953338623
3.681792e8	281.3377517700195
3.708072e8	280.19892444610593
3.7343514e8	278.83517875671384
3.760632e8	277.4304293632507
3.786912e8	276.8267883300781
3.8132633999999994e8	276.88426246643064
3.839616e8	277.83590545654295
3.865968e8	278.8836421012878
3.8923193999999994e8	280.40600099563596
3.918672e8	283.25092544555656
3.945024e8	283.52942886352537
3.9713753999999994e8	283.69674339294426
3.997728e8	281.3143600463867
4.02408e8	280.1756905555725
4.0504313999999994e8	278.81210079193113
4.076784e8	277.4075039863586
4.103136e8	276.80401411056516
4.1294154e8	276.86163702011106
4.155696e8	277.8134292602539
4.181976e8	278.8613122940063
4.2082554e8	280.3838147163391
4.234536e8	283.2288812637329
4.260816e8	283.50752487182615
4.2870954e8	283.67497673034666
4.313376e8	281.29272880554197
4.339656e8	280.1541947364807
4.3659354e8	278.79073848724363
4.392216e8	277.38627376556394
4.418496e8	276.7829140663147
4.4447754e8	276.84066524505613
4.471056e8	277.7925838470459
4.497336e8	278.8405922889709
4.5236154e8	280.363219165802
4.549896e8	283.2084058761597
4.576176e8	283.48717155456535
4.6024554e8	283.65474262237547
4.628736e8	281.27261390686033
4.655016e8	280.1341966629028
4.6812954e8	278.7708562850952
4.707576e8	277.36650505065916
4.733856e8	276.7632578849792
4.7601354e8	276.8211196899414
4.786416e8	277.773149394989
4.812696e8	278.82126703262327
4.8389754e8	280.3440011978149
4.865256e8	283.1892951965332
4.891536e8	283.4681657791138
4.9178154e8	283.63584175109855
4.944096e8	281.25381507873533
4.970376e8	280.1155003547668
4.9966554e8	278.75226011276243
5.022936e8	277.3480090141296
5.049216e8	276.74486055374143
5.0755673999999994e8	276.8028191566467
5.10192e8	277.75494518280027
5.128272e8	278.80315961837766
5.1546233999999994e8	280.3259886741638
5.180976e8	283.17177429199216
5.207328e8	283.45112934112547
5.2336793999999994e8	283.61922302246086
5.260032e8	281.23754634857175
5.286384e8	280.0994886398315
5.3127353999999994e8	278.7363332748413
5.339088e8	277.3321627616882
5.36544e8	276.72909393310545
5.3917194e8	276.78728713989256
5.418e8	277.73971071243284
5.44428e8	278.78830041885374
5.4705594e8	280.3115829467773
5.49684e8	283.15744819641105
5.52312e8	283.4368709564209
5.5493994e8	283.60503616333006
5.57568e8	281.2234281539917
5.60196e8	280.0854372024536
5.6282394e8	278.7223485946655
5.65452e8	277.3182434082031
5.6808e8	276.7152422904968
5.7070794e8	276.77350130081174
5.73336e8	277.72598829269407
5.75964e8	278.7746428489685
5.7859194e8	280.29798927307127
5.8122e8	283.14391746520994
5.83848e8	283.42340221405027
5.8647594e8	283.5916303634644
5.89104e8	281.2100833892822
5.91732e8	280.07215156555174
5.9435994e8	278.7091225624084
5.96988e8	277.3050779342651
5.99616e8	276.70213594436643
6.0224394e8	276.7604531288147
6.04872e8	277.71299781799314
6.075e8	278.7617086410522
6.1012794e8	280.28511371612547
6.12756e8	283.1310962677002
6.15384e8	283.4106372833252
6.1801194e8	283.57891979217527
6.2064e8	281.1974290847778
6.23268e8	280.0595516204834
6.2589594e8	278.6965760231018
6.28524e8	277.2925857543945
6.31152e8	276.68969621658323
6.3378714e8	276.7480658531189
6.364224e8	277.70066299438474
6.390576e8	278.74942722320554
6.4169274e8	280.27288284301756
6.44328e8	283.11891593933103
6.469632e8	283.3985065460205
6.4959834e8	283.56684055328367
6.522336e8	281.18539848327634
6.548688e8	280.04757061004636
6.5750394e8	278.6846436500549
6.601392e8	277.28070201873777
6.627744e8	276.6778601646423
6.6540234e8	276.7362784385681
6.680304e8	277.68892230987547
6.706584e8	278.7377327919006
6.7328634e8	280.26123466491697
6.759144e8	283.10731544494627
6.785424e8	283.3869508743286
6.8117034e8	283.55533065795896
6.837984e8	281.1739334106445
6.864264e8	280.0361503601074
6.8905434e8	278.673268699646
6.916824e8	277.26936902999876
6.943104e8	276.666571521759
6.9693834e8	276.72503271102903
6.995664e8	277.67772045135496
7.021944e8	278.72657384872434
7.0482234e8	280.2501176834106
7.074504e8	283.0962394714355
7.100784e8	283.37591686248777
7.127063400000001e8	283.5443367004395
7.153344e8	281.1629823684692
7.179624e8	280.02524080276487
7.205903400000001e8	278.6623987197876
7.232184e8	277.25854005813596
7.258464e8	276.6557816505432
7.284743400000001e8	276.7142838478088
7.311024e8	277.6670106887817
7.337304e8	278.71590223312376
7.363583400000001e8	280.239485168457
7.389864e8	283.08564510345457
7.416144e8	283.3653615951538
7.442423400000001e8	283.5338195800781
7.468704e8	281.1525024414062
7.494984e8	280.0147980690002
7.521263400000001e8	278.65199317932127
7.547544e8	277.2481707572937
7.573824e8	276.6454500198364
7.600175400000001e8	276.7039855957031
7.626528e8	277.65675058364866
7.65288e8	278.7056788444519
7.679231400000001e8	280.22929706573484
7.705584e8	283.0754922866821
7.731936e8	283.3552421569824
7.758287400000001e8	283.52373542785637
7.78464e8	281.1424530982971
7.810992e8	280.00478448867796
7.837343400000001e8	278.6420129776001
7.863696e8	277.2382244110107
7.890048e8	276.6355375289917
7.916327400000001e8	276.69410648345945
7.942608e8	277.64690389633176
7.968888e8	278.69586458206174
7.995167400000001e8	280.2195161819458
8.021448e8	283.06574192047117
8.047728e8	283.3455280303955
8.074007400000001e8	283.5140518188477
8.100288e8	281.1328014373779
8.126568e8	279.99516477584837
8.152847400000001e8	278.63242568969724
8.179128e8	277.228667640686
8.205408e8	276.6260122299194
8.231687400000001e8	276.684610748291
8.257968e8	277.63743963241575
8.284248e8	278.68643178939817
8.310527400000001e8	280.2101143836975
8.336808e8	283.0563682556152
8.363088e8	283.33618583679197
8.389367400000001e8	283.50473823547355
8.415648e8	281.1235174179077
8.441928e8	279.98590936660764
8.468207400000001e8	278.623198890686
8.494488e8	277.2194723129272
8.520768e8	276.6168445587158
8.547047400000001e8	276.67547216415403
8.573328e8	277.6283282279968
8.599608e8	278.6773480415344
8.625887400000001e8	280.2010592460632
8.652168e8	283.04734268188474
8.678448e8	283.3271879196167
8.704727400000001e8	283.4957679748535
8.731008e8	281.11457386016843
8.757288e8	279.97699251174924
8.783567400000001e8	278.6143096923828
8.809848e8	277.2106083869934
8.836128e8	276.60800685882566
8.862479400000001e8	276.66666212081907
8.888832e8	277.6195448875427
8.915184e8	278.66859140396116
8.941535400000001e8	280.1923293113708
8.967888e8	283.0386384963989
8.99424e8	283.3185104370117
9.020591400000001e8	283.48711433410637
9.046944e8	281.10594549179075
9.073296e8	279.9683913230896
9.099647400000001e8	278.60573425292966
9.126e8	277.20205678939817
9.152352e8	276.599481010437
9.178631400000001e8	276.658159160614
9.204912e8	277.61106767654417
9.231192e8	278.66013898849485
9.257471400000001e8	280.1838997840881
9.283752e8	283.0302328109741
9.310032e8	283.3101285934448
9.336311400000001e8	283.47875823974607
9.362592e8	281.097612285614
9.388872e8	279.9600800514221
9.415151400000001e8	278.5974487304687
9.441432e8	277.19379510879514
9.467712e8	276.59124126434324
9.493991400000001e8	276.64994230270383
9.520272e8	277.6028746604919
9.546552e8	278.6519679069519
9.572831400000001e8	280.1757520675659
9.599112e8	283.0221075057983
9.625392e8	283.302027130127
9.651671400000001e8	283.4706768035889
9.677952e8	281.08955373764036
9.704232e8	279.95204439163206
9.730511400000001e8	278.58943405151365
9.756792e8	277.18580236434934
9.783072e8	276.5832709312439
9.809351400000001e8	276.6419919967651
9.835632e8	277.59494867324827
9.861912e8	278.6440619468689
9.888191400000001e8	280.16786804199216
9.914472e8	283.01424350738523
9.940752e8	283.29418506622306
9.967031400000001e8	283.4628547668457
9.993312e8	281.0817545890808
1.0019592e9	279.9442633628845
1.0045871400000001e9	278.58167495727537
1.0072152e9	277.1780632972717
1.0098432e9	276.5755537986755
1.0124783400000001e9	276.6342939376831
1.0151136e9	277.5872715950012
1.0177488e9	278.63640394210813
1.0203839400000001e9	280.16023006439207
1.0230192e9	283.0066265106201
1.0256544e9	283.28658714294426
1.0282895400000001e9	283.4552749633789
1.0309248e9	281.07419481277464
1.03356e9	279.9367245674133
1.0361951400000001e9	278.5742477416992
1.0388304e9	277.1708020210266
1.0414656e9	276.56844129562376
1.0440935400000001e9	276.6273073196411
1.0467216e9	277.5803784370422
1.0493496e9	278.62955274581907
1.0519775400000001e9	280.15339317321775
1.0546056e9	282.9998086929321
1.0572336e9	283.2798227310181
1.0598615400000001e9	283.4486011505127
1.0624896e9	281.06763830184934
1.0651176e9	279.9303139686584
1.0677455400000001e9	278.5679077148437
1.0703736e9	277.1644782066345
1.0730016e9	276.56213130950925
1.07562954e9	276.6210121154785
1.0782576e9	277.5741013526916
1.0808856e9	278.6232880592346
1.08351354e9	280.1471466064453
1.0861416e9	282.993578338623
1.0887696e9	283.2736057281494
1.09139754e9	283.4424003601074
1.0940256e9	281.0614499092102
1.0966536e9	279.92414035797117
1.09928154e9	278.561750793457
1.1019096e9	277.1583355903625
1.1045376e9	276.556005859375
1.10716554e9	276.61490001678465
1.1097936e9	277.56800451278684
1.1124216e9	278.6172064781189
1.11504954e9	280.1410774230957
1.1176776e9	282.98752250671384
1.1203056e9	283.2675661087036
1.12293354e9	283.4363750457764
1.1255616e9	281.05543794631956
1.1281896e9	279.9181436538696
1.13081754e9	278.5557683944702
1.1334456e9	277.15236749649046
1.1360736e9	276.55005111694334
1.13870874e9	276.60895957946775
1.141344e9	277.5620769500732
1.1439792e9	278.61129131317136
1.14661434e9	280.1351789474487
1.1492496e9	282.981636428833
1.1518848e9	283.2616943359375
1.15451994e9	283.4305156707764
1.1571552e9	281.04959192276
1.1597904e9	279.9123119354248
1.16242554e9	278.5499490737915
1.1650608e9	277.1465615272522
1.167696e9	276.5442584991455
1.17032394e9	276.6031784057617
1.172952e9	277.5563100814819
1.17558e9	278.6055387496948
1.17820794e9	280.12943782806394
1.180836e9	282.9759105682373
1.183464e9	283.25597991943357
1.18609194e9	283.4248126983643
1.18872e9	281.04390420913694
1.191348e9	279.90663661956785
1.19397594e9	278.54428615570066
1.196604e9	277.14091100692747
1.199232e9	276.5386203765869
1.20185994e9	276.5975526809692
1.204488e9	277.55069770812986
1.207116e9	278.59993686676023
1.20974394e9	280.1238492965698
1.212372e9	282.97033348083494
1.215e9	283.25041427612297
1.21762794e9	283.41926040649406
1.220256e9	281.0383624076843
1.222884e9	279.9011072158813
1.22551194e9	278.53877153396604
1.22814e9	277.13540544509885
1.230768e9	276.5331272125244
1.23339594e9	276.5920700073242
1.236024e9	277.54522838592527
1.238652e9	278.59447994232175
1.24127994e9	280.11840476989744
1.243908e9	282.96489944458006
1.246536e9	283.24499073028556
1.24916394e9	283.41385116577146
1.251792e9	281.0329627037048
1.25442e9	279.89571895599363
1.25704794e9	278.5333937644958
1.259676e9	277.13004007339475
1.262304e9	276.5277742385864
1.26493914e9	276.5867294311523
1.2675744e9	277.53989639282224
1.2702096e9	278.5891584396362
1.27284474e9	280.113095664978
1.27548e9	282.9596008300781
1.2781152e9	283.2397045135498
1.28075034e9	283.40857353210447
1.2833856e9	281.0276969909668
1.2860208e9	279.89046516418455
1.28865594e9	278.5281495094299
1.2912912e9	277.1248063087463
1.2939264e9	276.52255764007566
1.29655434e9	276.5816024780273
1.2991824e9	277.5348533630371
1.3018104e9	278.5841869354248
1.30443834e9	280.10818138122556
1.3070664e9	282.9547294616699
1.3096944e9	283.23484172821037
1.31232234e9	283.4037212371826
1.3149504e9	281.0228551864624
1.3175784e9	279.88566341400144
1.32020634e9	278.5234002113342
1.3228344e9	277.1201266288757
1.3254624e9	276.51795425415037
1.32809034e9	276.5770086288452
1.3307184e9	277.5302690505981
1.3333464e9	278.57961120605466
1.33597434e9	280.1036151885986
1.3386024e9	282.9501708984375
1.3412304e9	283.23029270172117
1.34385834e9	283.39918270111076
1.3464864e9	281.01832427978513
1.3491144e9	279.88114109039304
1.35174234e9	278.51888647079465
1.3543704e9	277.11562337875364
1.3569984e9	276.51345863342283
1.35962634e9	276.5725215911865
1.3622544e9	277.5257905960083
1.3648824e9	278.57514133453367
1.36751034e9	280.0991548538208
1.3701384e9	282.9457210540771
1.3727664e9	283.2258495330811
1.37539434e9	283.39474716186515
1.3780224e9	281.0138982772827
1.3806504e9	279.87672271728513
1.38327834e9	278.5144766807556
1.3859064e9	277.1112221717834
1.3885344e9	276.5090669631958
1.39116954e9	276.568137550354
1.3938048e9	277.5214151382446
1.39644e9	278.57077445983884
1.39907514e9	280.0947951316833
1.4017104e9	282.94136848449705
1.4043456e9	283.22150650024406
1.40698074e9	283.3904146194458
1.409616e9	281.00957050323484
1.4122512e9	279.87240352630613
1.41488634e9	278.51016607284544
1.4175216e9	277.1069191932678
1.4201568e9	276.504772567749
1.42278474e9	276.56385078430174
1.4254128e9	277.5171369552612
1.4280408e9	278.5665034294128
1.43066874e9	280.0905331611633
1.4332968e9	282.9371150970459
1.4359248e9	283.2172607421875
1.43855274e9	283.38617553710935
1.4411808e9	281.00533905029295
1.4438088e9	279.8681806564331
1.44643674e9	278.5059498786926
1.4490648e9	277.1027106285095
1.4516928e9	276.50057258605955
1.45432074e9	276.5596584320068
1.4569488e9	277.51295175552366
1.4595768e9	278.56232633590696
1.46220474e9	280.086363697052
1.4648328e9	282.9329551696777
1.4674608e9	283.21310653686515
1.47008874e9	283.382029914856
1.4727168e9	281.00120105743406
1.4753448e9	279.8640474319458
1.47797274e9	278.50182619094846
1.4806008e9	277.09859266281126
1.4832288e9	276.49646224975584
1.48585674e9	276.55555667877195
1.4884848e9	277.5088557243347
1.4911128e9	278.55823888778684
1.49374074e9	280.0822848320007
1.4963688e9	282.928881072998
1.4989968e9	283.20904006958006
1.50162474e9	283.37797107696525
1.5042528e9	280.99714984893797
1.5068808e9	279.8600028991699
1.50950874e9	278.4977873802185
1.5121368e9	277.0945624351501
1.5147648e9	276.49243822097776
1.5173999399999998e9	276.55153980255125
1.5200352e9	277.5048464775085
1.5226704e9	278.55423536300657
1.5253055399999998e9	280.07828893661497
1.5279408e9	282.9248928070068
1.530576e9	283.20505847930906
1.5332111399999998e9	283.3739971160889
1.5358464e9	280.9931806564331
1.5384816e9	279.85604038238523
1.5411167399999998e9	278.49383153915403
1.543752e9	277.0906142234802
1.5463872e9	276.4884985923767
1.54901514e9	276.5476068496704
1.5516432e9	277.5009202003479
1.5542712e9	278.5503148078918
1.55689914e9	280.0743741035461
1.5595272e9	282.9209846496582
1.5621552e9	283.20115795135496
1.56478314e9	283.37010326385496
1.5674112e9	280.9892944335937
1.5700392e9	279.8521598815918
1.57266714e9	278.4899586677551
1.5752952e9	277.0867456436157