#1
double Tambient(1682,2)
0.	296.1268236941617
86400.	296.30456018518515
172800.	295.5544560185185
259200.	294.08081365740736
345600.	287.8298843540293
432000.	286.15676157407404
518400.	285.8932416585592
604800.	284.95112384259255
691200.	284.80180787037034
777600.	285.2269409722222
864000.	285.7506909722222
950400.	286.29243756808273
1.0368e6	287.55484283427165
1.1232e6	288.25017592592593
1.2096e6	288.9164722222222
1.296e6	288.0110046296296
1.3824e6	287.37789699074074
1.4688e6	288.263943287037
1.5552e6	289.2646235805045
1.6416e6	288.2864247685185
1.728e6	286.11854513888886
1.8144e6	287.5693587962963
1.9008e6	290.9542361111111
1.9872e6	288.8304930555555
2.0736e6	288.19312152777775
2.16e6	289.93290635186537
2.2464e6	290.6559305555555
2.3328e6	292.4141712962963
2.4192e6	291.0465347222222
2.5056e6	290.5437430555555
2.592e6	287.50812037037036
2.6784e6	288.41513888888886
2.7648e6	288.69763798696016
2.8512e6	289.2936370328706
2.9376e6	290.80070672039255
3.024e6	292.37449119492527
3.1104e6	293.97611574074074
3.1968e6	291.7564409722222
3.2832e6	292.2381803651827
3.3696e6	292.43987344802184
3.456e6	294.32919095924535
3.5424e6	294.42907986111106
3.6288e6	293.77677430555553
3.7152e6	295.4691747685185
3.8016e6	295.68514814814813
3.888e6	291.7668159722222
3.9744e6	289.612875
4.0608e6	290.33418839107617
4.1472e6	289.88972229509307
4.2336e6	290.88427777777775
4.32e6	290.2447893518518
4.4064e6	288.96524652777777
4.4928e6	289.0608741290403
4.5792e6	289.49873495370366
4.6656e6	290.4092119705445
4.752e6	291.36540162037033
4.8384e6	289.5392881944444
4.9248e6	290.15856249999996
5.0112e6	291.09824999999995
5.0976e6	294.1682482861467
5.184e6	297.42342361153203
5.2704e6	297.25908740942026
5.3568e6	293.8822172468735
5.4432e6	294.67085416666663
5.5296e6	292.16628009259256
5.616e6	288.88309027777774
5.7024e6	289.9744606481481
5.7888e6	289.6174826388889
5.8752e6	291.3144351851852
5.9616e6	293.3138620238784
6.048e6	293.878849537037
6.1344e6	292.3339861111111
6.2208e6	293.60543634259255
6.3072e6	292.35310995370367
6.3936e6	291.11162731481477
6.48e6	290.24426041666663
6.5664e6	290.51529938830737
6.6528e6	290.7281585495549
6.7392e6	291.6819583333333
6.8256e6	292.27526620370367
6.912e6	291.5591553904584
6.9984e6	291.1054872685185
7.0848e6	292.38501714952577
7.1712e6	291.35818497762745
7.2576e6	293.4123930846805
7.344e6	298.13318402777776
7.4304e6	298.20602777777776
7.5168e6	296.9748842592592
7.6032e6	292.3663854166666
7.6896e6	291.24804282407405
7.776e6	291.61364120800573
7.8624e6	291.11991237598966
7.9488e6	290.1563865740741
8.0352e6	290.85210185185184
8.1216e6	290.20915110596707
8.208e6	290.9721636217618
8.2944e6	291.30544250086604
8.3808e6	291.4019577254862
8.4672e6	289.8948460648148
8.5536e6	289.4758298611111
8.64e6	291.6512222222222
8.7264e6	291.1681423611111
8.8128e6	291.59593634259255
8.8992e6	288.4638545575488
8.9856e6	288.0716651450709
9.072e6	289.57082969219215
9.1584e6	289.8930972222222
9.2448e6	291.3167708333333
9.3312e6	292.8634979387641
9.4176e6	290.2180775462963
9.504e6	286.30160372485517
9.5904e6	286.0283206018518
9.6768e6	288.58468171296295
9.7632e6	288.0101516203703
9.8496e6	289.93769791666665
9.936e6	289.5766296296296
1.00224e7	287.3618090277778
1.01088e7	284.65382754629627
1.01952e7	284.9814819488606
1.02816e7	285.90966782407406
1.0368e7	283.8793518518518
1.04544e7	283.73660532407405
1.05408e7	283.78256021287433
1.06272e7	286.3755462547658
1.07136e7	285.9227326388889
1.08e7	286.6462186138344
1.08864e7	286.31977777777774
1.09728e7	286.3358275462963
1.10592e7	286.6812858796296
1.11456e7	288.1219224537037
1.1232e7	288.76059783958874
1.13184e7	286.4894768518518
1.14048e7	284.1328299501424
1.14912e7	282.9785532407407
1.15776e7	283.6411574074074
1.1664e7	283.78362675511914
1.17504e7	284.77248172450305
1.18368e7	282.9852770548358
1.19232e7	283.6015639277697
1.20096e7	282.0699247685185
1.2096e7	282.72183744855965
1.21824e7	282.60498379629627
1.22688e7	283.7190659722222
1.23552e7	282.86260416666664
1.24416e7	283.5408395054178
1.2528e7	284.797059057379
1.26144e7	287.61992047388134
1.27008e7	287.5635800849331
1.27872e7	288.2491574074074
1.28736e7	285.4953865740741
1.296e7	285.0505481551627
1.30464e7	284.4246504629629
1.31328e7	283.85427546296296
1.32192e7	281.2759826388889
1.33056e7	276.58601502336796
1.3392e7	275.8271967592592
1.34784e7	277.1875613425926
1.35648e7	280.7309240314455
1.36512e7	278.75174768518514
1.37376e7	281.2497640052112
1.3824e7	280.90032407407404
1.39104e7	280.8880023148148
1.39968e7	280.59989004629625
1.40832e7	280.7588090277778
1.41696e7	279.87283449074073
1.4256e7	279.5865729166666
1.43424e7	283.11337152777776
1.44288e7	284.2186585648148
1.45152e7	283.300125
1.46016e7	282.2724166156045
1.4688e7	282.8150011574074
1.47744e7	280.0049995146356
1.48608e7	281.25724537037036
1.49472e7	284.5756574074074
1.50336e7	284.6786238425926
1.512e7	281.89901992576273
1.52064e7	277.29372569444445
1.52928e7	279.92929398148146
1.53792e7	278.86006944444443
1.54656e7	282.58535416666666
1.5552e7	281.02300925925925
1.56384e7	282.5966550925926
1.57248e7	280.72752893518515
1.58112e7	279.12562704175883
1.58976e7	280.83370833333333
1.5984e7	282.4583657407407
1.60704e7	280.7483568671616
1.61568e7	278.488287037037
1.62432e7	276.40948495370367
1.63296e7	273.9775613425926
1.6416e7	273.2574236111111
1.65024e7	272.4645509259259
1.65888e7	274.2695347222222
1.66752e7	272.8701493055555
1.67616e7	268.06312152777775
1.6848e7	270.16276041666663
1.69344e7	272.54612152777776
1.70208e7	270.3996076388889
1.71072e7	275.0289594907407
1.71936e7	274.0993854166666
1.728e7	269.5158032407407
1.73664e7	266.98699074074074
1.74528e7	270.6989097222222
1.75392e7	274.65138425925926
1.76256e7	277.17513541666665
1.7712e7	277.6241817129629
1.77984e7	277.7412233796296
1.78848e7	277.1357488425926
1.79712e7	275.60234837962963
1.80576e7	275.5927523148148
1.8144e7	275.4059571759259
1.82304e7	274.9035960648148
1.83168e7	274.9971782407407
1.84032e7	279.34595833333333
1.84896e7	279.55431365740736
1.8576e7	280.1790717592592
1.86624e7	276.6318356481481
1.87488e7	273.84516666666667
1.88352e7	281.52421064814814
1.89216e7	280.0857083333333
1.9008e7	282.32546296296294
1.90944e7	279.97342939814814
1.91808e7	279.39883680555556
1.92672e7	282.577974537037
1.93536e7	282.6230474537037
1.944e7	281.6579858323453
1.95264e7	280.5305023148148
1.96128e7	279.17603634652994
1.96992e7	281.35381134259256
1.97856e7	280.54682407407404
1.9872e7	275.26770138888884
1.99584e7	273.7094652777778
2.00448e7	273.0952326388889
2.01312e7	272.1013194444444
2.02176e7	271.8744375
2.0304e7	271.0034255461516
2.03904e7	269.0894652777778
2.04768e7	269.0863831018518
2.05632e7	271.2684560185185
2.06496e7	270.9838784722222
2.0736e7	269.7254375
2.08224e7	272.55303412285053
2.09088e7	272.4690961770717
2.09952e7	271.0017546296296
2.10816e7	267.93424999999996
2.1168e7	270.7697569444444
2.12544e7	270.94703124999995
2.13408e7	276.37355902777773
2.14272e7	277.93396303169453
2.15136e7	278.74643055555555
2.16e7	280.99835490966274
2.16864e7	279.5324930555555
2.17728e7	277.4347779719708
2.18592e7	274.39958912037036
2.19456e7	275.2752175925926
2.2032e7	277.6713414351852
2.21184e7	276.1497673611111
2.22048e7	275.5682729036254
2.22912e7	274.32509259259257
2.23776e7	274.1268645833333
2.2464e7	272.88602893518515
2.25504e7	271.7898634259259
2.26368e7	273.31263773148146
2.27232e7	272.6958807586167
2.28096e7	273.6644722222222
2.2896e7	273.8251168981481
2.29824e7	275.21887499999997
2.30688e7	275.750974537037
2.31552e7	275.89523263888884
2.32416e7	276.85855208333334
2.3328e7	275.1549988425926
2.34144e7	274.051818287037
2.35008e7	272.5344837962963
2.35872e7	272.4360092592592
2.36736e7	272.5513854166666
2.376e7	273.9249189814815
2.38464e7	274.9007997685185
2.39328e7	275.9781973043621
2.40192e7	274.65559872388326
2.41056e7	277.4568330493912
2.4192e7	277.18855127802567
2.42784e7	277.2072905092592
2.43648e7	277.8925347222222
2.44512e7	275.82706636423313
2.45376e7	278.09906347716657
2.4624e7	277.76660648148146
2.47104e7	277.8452546296296
2.47968e7	275.9749097222222
2.48832e7	274.5765069444444
2.49696e7	271.40742476851847
2.5056e7	268.43670254629626
2.51424e7	271.42866718853753
2.52288e7	273.80640277777775
2.53152e7	269.9129068401653
2.54016e7	272.0564583333333
2.5488e7	273.7944444444444
2.55744e7	275.3320844907407
2.56608e7	274.13851273148146
2.57472e7	272.5588838383838
2.58336e7	272.31449537037037
2.592e7	272.06208912037033
2.60064e7	271.435557781339
2.60928e7	270.63174652777775
2.61792e7	272.3132222222222
2.62656e7	272.2916192129629
2.6352e7	273.6455972222222
2.64384e7	272.7457118055555
2.65248e7	274.24664930555554
2.66112e7	274.6413900462963
2.66976e7	274.3822789351852
2.6784e7	274.25309606481477
2.68704e7	276.2827372685185
2.69568e7	276.43488326719574
2.70432e7	275.7365446871669
2.71296e7	275.0847915209698
2.7216e7	276.5841493055555
2.73024e7	278.14405555555555
2.73888e7	277.01596296296293
2.74752e7	276.99844444444443
2.75616e7	277.60946985850285
2.7648e7	276.40868865740737
2.77344e7	278.01948611111106
2.78208e7	278.83774421296295
2.79072e7	280.50579513888886
2.79936e7	283.4579722222222
2.808e7	288.3534780092592
2.81664e7	284.80027893518513
2.82528e7	286.45044791666663
2.83392e7	285.24996180555553
2.84256e7	281.47063888888886
2.8512e7	281.5640428240741
2.85984e7	282.2049849537037
2.86848e7	284.4152349537037
2.87712e7	284.49215625
2.88576e7	284.45875810185186
2.8944e7	283.4702546296296
2.90304e7	282.5898472222222
2.91168e7	282.11491384291
2.92032e7	281.6033831018518
2.92896e7	281.8895173611111
2.9376e7	282.0724733796296
2.94624e7	282.17679745370367
2.95488e7	282.1187867585745
2.96352e7	284.1744768518518
2.97216e7	286.7270474537037
2.9808e7	286.47631828703703
2.98944e7	287.66163425925924
2.99808e7	289.1321534659659
3.00672e7	288.1609108796296
3.01536e7	289.05992013888886
3.024e7	285.40182523148144
3.03264e7	286.73643171296294
3.04128e7	284.67044907407404
3.04992e7	283.8800069444444
3.05856e7	284.7816875
3.0672e7	288.93779050925923
3.07584e7	289.9517280092592
3.08448e7	293.30238541666665
3.09312e7	294.59544675925923
3.10176e7	291.08512152777774
3.1104e7	291.64374999999995
3.11904e7	290.90928125
3.12768e7	283.3922585519547
3.13632e7	284.3543217592592
3.14496e7	287.22728961541986
3.1536e7	289.97879303422184
3.16224e7	293.3992087324957
3.17088e7	289.4800150462963
3.17952e7	289.1947442129629
3.18816e7	288.35451620370367
3.1968e7	292.05614699074073
3.20544e7	293.3040810185185
3.21408e7	292.06955415557854
3.22272e7	287.55276273148144
3.23136e7	288.9294444444444
3.24e7	290.18309374999995
3.24864e7	290.06890277777774
3.25728e7	291.4893217592592
3.26592e7	290.9569710648148
3.27456e7	288.9383576388889
3.2832e7	289.8113032407407
3.29184e7	292.172880787037
3.30048e7	287.9449143518518
3.30912e7	289.1581099537037
3.31776e7	290.97565740740737
3.3264e7	289.29782523148145
3.33504e7	288.9936585648148
3.34368e7	288.29932407407404
3.35232e7	291.34281018518516
3.36096e7	293.7687893518518
3.3696e7	293.27207060185185
3.37824e7	292.9451128822952
3.38688e7	292.7121516203704
3.39552e7	289.9699398148148
3.40416e7	290.1669328703704
3.4128e7	290.2712858796296
3.42144e7	290.6644537312019
3.43008e7	289.4271739380232
3.43872e7	287.83967790104094
3.44736e7	286.8918206018518
3.456e7	288.18234027777777
3.46464e7	288.9933761574074
3.47328e7	290.51561458333333
3.48192e7	290.54722453703704
3.49056e7	290.83814236111107
3.4992e7	291.4195462962963
3.50784e7	292.12034374999996
3.51648e7	292.6038321759259
3.52512e7	293.9907847222222
3.53376e7	293.96695138888884
3.5424e7	293.75432523148146
3.55104e7	292.46963078703703
3.55968e7	292.89742824074074
3.56832e7	294.37626111398663
3.57696e7	292.08320254629626
3.5856e7	289.8627708333333
3.59424e7	291.1314720235627
3.60288e7	293.70135069444444
3.61152e7	295.16213773148144
3.62016e7	295.0987997685185
3.6288e7	293.88899537037037
3.63744e7	296.43539699074074
3.64608e7	295.3757395833333
3.65472e7	294.8047060185185
3.66336e7	294.18665162037036
3.672e7	295.6593549352575
3.68064e7	294.11298611111107
3.68928e7	296.8343668981481
3.69792e7	296.9548796296296
3.70656e7	295.89732060185185
3.7152e7	295.760443287037
3.72384e7	294.4571331018518
3.73248e7	293.10932498633616
3.74112e7	291.89521874999997
3.74976e7	299.46495949074074
3.7584e7	297.6056747685185
3.76704e7	294.9289386574074
3.77568e7	295.7151273148148
3.78432e7	295.30629657366205
3.79296e7	292.89851081070935
3.8016e7	290.9776411920057
3.81024e7	292.9165966130604
3.81888e7	291.98819791666665
3.82752e7	290.69714814814813
3.83616e7	290.1074988425926
3.8448e7	289.0102222222222
3.85344e7	290.02102546296294
3.86208e7	291.5991909722222
3.87072e7	293.76816550925923
3.87936e7	294.4456724537037
3.888e7	292.8257303240741
3.89664e7	291.7111284722222
3.90528e7	290.9129259259259
3.91392e7	291.9299895833333
3.92256e7	292.39622964230205
3.9312e7	293.122076859977
3.93984e7	293.06068081189204
3.94848e7	291.99619907407407
3.95712e7	291.0267763310185
3.96576e7	290.8225497685185
3.9744e7	291.778877739972
3.98304e7	291.5639293981481
3.99168e7	292.50049189814814
4.00032e7	290.5545659722222
4.00896e7	287.6659895833333
4.0176e7	289.63172309943445
4.02624e7	290.31140390564093
4.03488e7	291.12993908144756
4.04352e7	292.03629050925923
4.05216e7	293.5850219907407
4.0608e7	293.53111574074074
4.06944e7	292.5038090277778
4.07808e7	287.5821018518518
4.08672e7	288.9382687544022
4.09536e7	289.1188373155995
4.104e7	289.44193845136033
4.11264e7	290.22783796296295
4.12128e7	290.10882407407405
4.12992e7	288.78371527777773
4.13856e7	286.08080787037034
4.1472e7	285.4397407407407
4.15584e7	286.57163888888886
4.16448e7	285.9256585648148
4.17312e7	286.62971527777773
4.18176e7	287.28949421296295
4.1904e7	290.18021412037035
4.19904e7	289.5879421296296
4.20768e7	286.48833912037037
4.21632e7	284.5380462962963
4.22496e7	284.83846759259256
4.2336e7	284.86242907301926
4.24224e7	283.70310763888887
4.25088e7	284.1923993055555
4.25952e7	284.795693287037
4.26816e7	284.12801413435864
4.2768e7	284.84411497556357
4.28544e7	283.93171874999996
4.29408e7	283.95612384259255
4.30272e7	288.22196875
4.31136e7	286.9613263888889
4.32e7	289.37195993994834
4.32864e7	288.2061060061717
4.33728e7	287.36120138888884
4.34592e7	284.40092361111107
4.35456e7	286.22015162037036
4.3632e7	285.73209143518517
4.37184e7	286.65210648148144
4.38048e7	284.97327310656465
4.38912e7	286.2368171296296
4.39776e7	284.781474537037
4.4064e7	285.4713946759259
4.41504e7	280.8785393518518
4.42368e7	281.7546145833333
4.43232e7	287.0364594907407
4.44096e7	287.2626435185185
4.4496e7	289.3512032146298
4.45824e7	289.56250018051304
4.46688e7	285.1941145833333
4.47552e7	284.3149143518518
4.48416e7	289.3289085648148
4.4928e7	287.75773032407403
4.50144e7	286.00738194444443
4.51008e7	284.09370138888886
4.51872e7	283.5315023148148
4.52736e7	284.4312905092592
4.536e7	284.8853819444444
4.54464e7	284.5433425925926
4.55328e7	283.69170254629626
4.56192e7	280.55433818052074
4.57056e7	281.25081206354304
4.5792e7	280.0897069004112
4.58784e7	281.1300689142778
4.59648e7	281.64625749498873
4.60512e7	281.11096759259254
4.61376e7	279.46098379629626
4.6224e7	279.1059108796296
4.63104e7	282.751568287037
4.63968e7	280.73690509259256
4.64832e7	281.6243125
4.65696e7	282.18803125
4.6656e7	284.54248726851847
4.67424e7	281.17843171296295
4.68288e7	279.9555237152184
4.69152e7	280.1313032407407
4.70016e7	273.38999537037034
4.7088e7	276.2667002314815
4.71744e7	277.7328912037037
4.72608e7	276.94329513888886
4.73472e7	276.91101504629626
4.74336e7	274.4802395833333
4.752e7	275.2789247685185
4.76064e7	282.9264965277778
4.76928e7	281.77208680555555
4.77792e7	279.4593298611111
4.78656e7	279.5286597222222
4.7952e7	281.5868043981481
4.80384e7	276.93702546296294
4.81248e7	281.6818159722222
4.82112e7	280.663667824074
4.82976e7	278.7043969907407
4.8384e7	276.84088194444445
4.84704e7	274.01511805555555
4.85568e7	279.35212974096976
4.86432e7	282.96474286786787
4.87296e7	282.53922439979505
4.8816e7	281.76264120370365
4.89024e7	278.04861226851847
4.89888e7	282.0437025462963
4.90752e7	280.15855555555555
4.91616e7	282.10624884259255
4.9248e7	283.1441472919721
4.93344e7	279.14500215606523
4.94208e7	278.7687326388889
4.95072e7	280.2225828641141
4.95936e7	278.83626346982754
4.968e7	282.0948726851852
4.97664e7	281.3640960648148
4.98528e7	279.48406018518517
4.99392e7	283.06601967592593
5.00256e7	280.98852314814815
5.0112e7	277.5634907407407
5.01984e7	280.0654293981481
5.02848e7	282.00190393518517
5.03712e7	279.877662037037
5.04576e7	279.02214930555556
5.0544e7	279.71371875
5.06304e7	278.48877893518517
5.07168e7	279.81084190485774
5.08032e7	281.1486898148148
5.08896e7	280.88759259259257
5.0976e7	278.80908912037034
5.10624e7	281.157193287037
5.11488e7	283.5385053036229
5.12352e7	282.92653819444445
5.13216e7	281.3609016203703
5.1408e7	280.8609973290598
5.14944e7	280.1236354166666
5.15808e7	277.67046412037035
5.16672e7	275.72721917779666
5.17536e7	278.62407523148147
5.184e7	278.4668472222222
5.19264e7	277.1620003522544
5.20128e7	276.4123412386443
5.20992e7	277.04922569444443
5.21856e7	276.4687685185185
5.2272e7	275.99407407407404
5.23584e7	275.25935300925926
5.24448e7	274.7651863425926
5.25312e7	273.20463425925925
5.26176e7	272.7468194541705
5.2704e7	270.6598912037037
5.27904e7	269.7421180555555
5.28768e7	272.0997988146016
5.29632e7	274.1432047045277
5.30496e7	271.8754853678487
5.3136e7	271.96397685185184
5.32224e7	272.63379513888884
5.33088e7	275.5539108796296
5.33952e7	278.05028141795805
5.34816e7	276.76622075158195
5.3568e7	276.12989417063653
5.36544e7	275.89898431917845
5.37408e7	278.560787037037
5.38272e7	279.3015208333333
5.39136e7	279.1502835648148
5.4e7	279.18574884259255
5.40864e7	279.18158564814814
5.41728e7	277.4245046296296
5.42592e7	278.2038365077538
5.43456e7	279.19107460310363
5.4432e7	278.72912152777775
5.45184e7	281.50685763888885
5.46048e7	280.10024421296293
5.46912e7	278.7827260293288
5.47776e7	280.3189131944444
5.4864e7	281.3340169159544
5.49504e7	281.1879293981481
5.50368e7	281.5174421296296
5.51232e7	280.5935775462963
5.52096e7	281.9821631944444
5.5296e7	281.6696273148148
5.53824e7	280.0491412037037
5.54688e7	281.4058993055555
5.55552e7	280.7742951388889
5.56416e7	279.97761689814814
5.5728e7	279.4092650462963
5.58144e7	279.17881134259255
5.59008e7	278.8382893518518
5.59872e7	279.9326608796296
5.60736e7	279.42846412037034
5.616e7	280.44112384259256
5.62464e7	282.9192847222222
5.63328e7	280.46370833333333
5.64192e7	284.22342939814814
5.65056e7	282.6759230457399
5.6592e7	279.50883217592593
5.66784e7	279.6916099537037
5.67648e7	280.9929502314815
5.68512e7	281.6004707446808
5.69376e7	281.7428668981481
5.7024e7	283.15600578703703
5.71104e7	283.32260532407406
5.71968e7	282.57104166666664
5.72832e7	282.43780723905724
5.73696e7	286.0436134259259
5.7456e7	282.47646296296296
5.75424e7	280.4817777777778
5.76288e7	279.91872916666665
5.77152e7	280.07274751984124
5.78016e7	280.22809143518515
5.7888e7	278.8167407407407
5.79744e7	278.5986076388889
5.80608e7	281.78642065137916
5.81472e7	280.79075925925923
5.82336e7	281.1028148148148
5.832e7	281.48214583333333
5.84064e7	279.95415625
5.84928e7	280.23505671296294
5.85792e7	280.97466782407406
5.86656e7	279.81834259259256
5.8752e7	281.6535833333333
5.88384e7	285.30384259259256
5.89248e7	286.68706944444443
5.90112e7	284.51194791666666
5.90976e7	282.97136574074074
5.9184e7	281.9448831018518
5.92704e7	284.0053703703704
5.93568e7	282.7895625
5.94432e7	283.3975752314815
5.95296e7	282.1304178240741
5.9616e7	281.6234525462963
5.97024e7	282.533443287037
5.97888e7	283.14738078703704
5.98752e7	281.8762384259259
5.99616e7	284.19477662037036
6.0048e7	287.5245324074074
6.01344e7	287.3856724537037
6.02208e7	288.66774537037037
6.03072e7	285.4661770833333
6.03936e7	283.2794143518518
6.048e7	286.2627025462963
6.05664e7	287.73343287037034
6.06528e7	288.0206469907407
6.07392e7	288.8432569444444
6.08256e7	288.823525128233
6.0912e7	287.24900400498535
6.09984e7	282.7171209067489
6.10848e7	283.1474212962963
6.11712e7	282.0561863425926
6.12576e7	283.26122800925924
6.1344e7	282.3915383732177
6.14304e7	286.5489764200988
6.15168e7	287.87452893518514
6.16032e7	285.59627399809824
6.16896e7	285.4442962962963
6.1776e7	286.3007025821849
6.18624e7	286.63241666666664
6.19488e7	285.9670096251952
6.20352e7	284.8640509259259
6.21216e7	285.79645138888884
6.2208e7	287.7740415535041
6.22944e7	287.46903009259256
6.23808e7	290.8404479166666
6.24672e7	290.3824456018518
6.25536e7	289.19373032407407
6.264e7	290.6779143518518
6.27264e7	293.565974537037
6.28128e7	295.86912807536976
6.28992e7	290.0196261574074
6.29856e7	291.1638460648148
6.3072e7	291.03669444444444
6.31584e7	290.9118599537037
6.32448e7	290.7690358796296
6.33312e7	286.7666335470085
6.34176e7	287.41678240740737
6.3504e7	289.9977592592592
6.35904e7	288.2568784722222
6.36768e7	290.991792824074
6.37632e7	292.6012222222222
6.38496e7	290.7588125
6.3936e7	290.9448946759259
6.40224e7	289.0909444444444
6.41088e7	288.105724537037
6.41952e7	292.26693634259254
6.42816e7	293.712630787037
6.4368e7	294.4638958333333
6.44544e7	296.24407884008224
6.45408e7	294.1930127314815
6.46272e7	292.5268425925926
6.47136e7	290.9695527337433
6.48e7	291.60301504629626
6.48864e7	291.1182280092592
6.49728e7	292.59646296296296
6.50592e7	293.26552314814813
6.51456e7	292.2245421118233
6.5232e7	289.394801858063
6.53184e7	289.7047511574074
6.54048e7	288.5639918981481
6.54912e7	288.9218622685185
6.55776e7	289.29109027777776
6.5664e7	289.683287037037
6.57504e7	290.8036190178943
6.58368e7	290.27522569444443
6.59232e7	290.0331898148148
6.60096e7	291.5685555555555
6.6096e7	290.07759027777774
6.61824e7	290.2971342592592
6.62688e7	290.1780162037037
6.63552e7	289.480021137922
6.64416e7	291.4549456018518
6.6528e7	295.60906134259255
6.66144e7	295.23295254629625
6.67008e7	296.40993287037037
6.67872e7	294.4141863425926
6.68736e7	294.2539236111111
6.696e7	298.5804080348491
6.70464e7	298.4475453265766
6.71328e7	296.88817129629626
6.72192e7	294.157224537037
6.73056e7	290.7986134259259
6.7392e7	293.7778877314815
6.74784e7	293.0591226851852
6.75648e7	292.4036724537037
6.76512e7	294.53217129629627
6.77376e7	296.1678043981481
6.7824e7	298.08596180555554
6.79104e7	297.88741550925926
6.79968e7	297.27660995370366
6.80832e7	297.5115011574074
6.81696e7	297.4492511574074
6.8256e7	297.73298032407405
6.83424e7	298.1479282407407
6.84288e7	297.7776469907407
6.85152e7	297.2253657407407
6.86016e7	297.70463194444443
6.8688e7	297.4754131944444
6.87744e7	295.5457662037037
6.88608e7	295.3304722222222
6.89472e7	297.17431134259255
6.90336e7	298.1602418981481
6.912e7	297.1525532407407
6.92064e7	294.9036534237726
6.92928e7	294.055507319143
6.93792e7	294.45028009259255
6.94656e7	294.1492523148148
6.9552e7	294.78972750616504
6.96384e7	292.9069525462963
6.97248e7	294.3246840277778
6.98112e7	292.9649571759259
6.98976e7	290.4526168981481
6.9984e7	289.84203720238094
7.00704e7	291.78393171296295
7.01568e7	291.7438472222222
7.02432e7	289.5842673611111
7.03296e7	289.14957407407405
7.0416e7	289.0386086910774
7.05024e7	288.5651597222222
7.05888e7	288.7677974537037
7.06752e7	288.0175439814815
7.07616e7	288.51955555555554
7.0848e7	288.09922916666665
7.09344e7	287.49418749999995
7.10208e7	288.2808226448185
7.11072e7	289.37285300925925
7.11936e7	289.68504629629626
7.128e7	290.4867719907407
7.13664e7	290.2240474537037
7.14528e7	290.6896770833333
7.15392e7	290.26995370370366
7.16256e7	291.2924631970453
7.1712e7	290.6084537037037
7.17984e7	289.3346990740741
7.18848e7	289.33104398148146
7.19712e7	290.928818287037
7.20576e7	293.9759976851852
7.2144e7	291.6244375
7.22304e7	288.0591724537037
7.23168e7	289.97761921296296
7.24032e7	290.82509713924196
7.24896e7	289.9067592592592
7.2576e7	289.2144456018518
7.26624e7	290.88970023148147
7.27488e7	290.40653009259256
7.28352e7	290.7790787037037
7.29216e7	290.77209027777775
7.3008e7	289.8145300925926
7.30944e7	291.5294212962963
7.31808e7	290.83965624999996
7.32672e7	289.8635856481481
7.33536e7	289.3340972222222
7.344e7	285.05112152777775
7.35264e7	285.67593253139165
7.36128e7	287.1883923611111
7.36992e7	287.29726620370366
7.37856e7	289.17829629629625
7.3872e7	287.496818287037
7.39584e7	289.0404548611111
7.40448e7	289.8508612893074
7.41312e7	288.73434182182444
7.42176e7	290.86663773148143
7.4304e7	288.3074560185185
7.43904e7	288.78429166666666
7.44768e7	289.80034374999997
7.45632e7	288.3488009259259
7.46496e7	287.73714236111107
7.4736e7	286.32261921296293
7.48224e7	286.7864421296296
7.49088e7	289.0338796296296
7.49952e7	288.1981666666666
7.50816e7	287.87896643518513
7.5168e7	285.95362384259255
7.52544e7	285.5798081140351
7.53408e7	285.3315382164142
7.54272e7	287.1622912394622
7.55136e7	287.7723946759259
7.56e7	287.2912037037037
7.56864e7	287.29846412037034
7.57728e7	290.60081018518514
7.58592e7	287.237818287037
7.59456e7	285.8384439430093
7.6032e7	285.144255787037
7.61184e7	285.747651921514
7.62048e7	286.30243981481476
7.62912e7	286.2393842592592
7.63776e7	287.56057407407405
7.6464e7	288.986003785035
7.65504e7	287.8395914351852
7.66368e7	284.01301041666665
7.67232e7	281.49765601539036
7.68096e7	286.00124652777777
7.6896e7	288.3768368055555
7.69824e7	288.6178622685185
7.70688e7	287.5155879422949
7.71552e7	284.7929350119206
7.72416e7	282.6532094907407
7.7328e7	281.64571527777775
7.74144e7	282.0647916666666
7.75008e7	283.35016782407405
7.75872e7	283.49298032407404
7.76736e7	283.7663946759259
7.776e7	283.12367839214517
7.78464e7	285.24361741942323
7.79328e7	285.25142909480724
7.80192e7	284.92383912037036
7.81056e7	284.18290393518515
7.8192e7	283.524449074074
7.82784e7	283.25748900832247
7.83648e7	282.58211042258944
7.84512e7	280.54461111111107
7.85376e7	279.9163670645552
7.8624e7	278.5822592592592
7.87104e7	278.8452511574074
7.87968e7	281.4621990740741
7.88832e7	282.35349689327484
7.89696e7	280.8956394356278
7.9056e7	279.75795983804437
7.91424e7	279.6935034722222
7.92288e7	279.0446158758294
7.93152e7	277.90266435185185
7.94016e7	276.7160775462963
7.9488e7	277.31349537037033
7.95744e7	276.13348148148145
7.96608e7	275.5184039351852
7.97472e7	276.7516157407407
7.98336e7	278.7975034722222
7.992e7	279.0630335648148
8.00064e7	279.82229629629626
8.00928e7	276.7958738425926
8.01792e7	276.6873009259259
8.02656e7	279.4070625
8.0352e7	277.7480712807917
8.04384e7	276.9721164694787
8.05248e7	277.8685046296296
8.06112e7	278.1002453703704
8.06976e7	278.9092319755743
8.0784e7	276.9280069444444
8.08704e7	278.55152598558084
8.09568e7	283.2145219907407
8.10432e7	281.15797618887086
8.11296e7	278.39115046296297
8.1216e7	280.6695590277778
8.13024e7	283.4756689814815
8.13888e7	281.6562789351852
8.14752e7	279.8075543981481
8.15616e7	274.0081747685185
8.1648e7	271.24785648148145
8.17344e7	273.9729421296296
8.18208e7	272.6123715277778
8.19072e7	275.0125208333333
8.19936e7	278.8963923611111
8.208e7	281.80195254629626
8.21664e7	281.9241122685185
8.22528e7	281.2250023148148
8.23392e7	278.18114351851847
8.24256e7	277.9453287037037
8.2512e7	280.4283344907407
8.25984e7	278.9785288525132
8.26848e7	279.21503935185183
8.27712e7	281.1841342592592
8.28576e7	280.4419104027579
8.2944e7	281.2991458333333
8.30304e7	277.83810763888886
8.31168e7	281.3463148148148
8.32032e7	279.5490520833333
8.32896e7	276.90123263888887
8.3376e7	279.230162037037
8.34624e7	279.82236574074074
8.35488e7	277.0758726851852
8.36352e7	276.8441585648148
8.37216e7	275.94406944444444
8.3808e7	275.6812372685185
8.38944e7	273.3062696759259
8.39808e7	273.1721227541818
8.40672e7	273.12083912037036
8.41536e7	274.3699398148148
8.424e7	276.39052314814813
8.43264e7	277.95928703703703
8.44128e7	277.8644718196457
8.44992e7	279.05713194444445
8.45856e7	275.9163773148148
8.4672e7	274.68181365740736
8.47584e7	273.3426435185185
8.48448e7	274.4129976851852
8.49312e7	273.9784560185185
8.50176e7	272.67039814814814
8.5104e7	271.60679513888886
8.51904e7	272.47314814814814
8.52768e7	274.59516666666667
8.53632e7	279.4524710648148
8.54496e7	277.95339583333333
8.5536e7	280.85534143518515
8.56224e7	280.82759606481477
8.57088e7	278.6647534722222
8.57952e7	277.58301936652
8.58816e7	276.16186900065543
8.5968e7	275.60122916666666
8.60544e7	276.8461585648148
8.61408e7	276.3746111111111
8.62272e7	277.0631145833333
8.63136e7	280.4563472222222
8.64e7	279.83191550925926
8.64864e7	278.0320821759259
8.65728e7	277.4234409722222
8.66592e7	277.89082291666665
8.67456e7	277.60490509259256
8.6832e7	279.24113819007687
8.69184e7	278.0484560185185
8.70048e7	278.4764872685185
8.70912e7	279.21261458333333
8.71776e7	278.2470011574074
8.7264e7	279.1945474537037
8.73504e7	278.89915625
8.74368e7	277.5921898148148
8.75232e7	276.2515532407407
8.76096e7	278.9659282407407
8.7696e7	281.2088293467078
8.77824e7	281.66170370370367
8.78688e7	282.4235208333333
8.79552e7	282.13220993589744
8.80416e7	281.9715925925926
8.8128e7	280.4023726851852
8.82144e7	278.27491782407407
8.83008e7	276.3016458333333
8.83872e7	278.44357291666665
8.84736e7	279.76346643518514
8.856e7	281.3060185185185
8.86464e7	282.13502777777774
8.87328e7	282.1911015808869
8.88192e7	281.071130787037
8.89056e7	280.4474618055555
8.8992e7	278.649700891696
8.90784e7	276.13541666666663
8.91648e7	279.50213541666665
8.92512e7	281.70943518518516
8.93376e7	279.97825270061725
8.9424e7	280.0073391203704
8.95104e7	279.3655231481481
8.95968e7	280.80611805555554
8.96832e7	282.1875960648148
8.97696e7	280.3975659722222
8.9856e7	277.39701736111107
8.99424e7	278.54026331018514
9.00288e7	278.62171527777775
9.01152e7	279.36684143518517
9.02016e7	278.62371180555556
9.0288e7	279.1840358796296
9.03744e7	280.6368020833333
9.04608e7	282.44463541666664
9.05472e7	284.2765706018518
9.06336e7	283.05627314814814
9.072e7	283.5404872685185
9.08064e7	286.0243900462963
9.08928e7	281.80050925925923
9.09792e7	280.3588923611111
9.10656e7	282.17929513888885
9.1152e7	283.7756921296296
9.12384e7	282.30861324492764
9.13248e7	282.8873467810037
9.14112e7	283.17001620370365
9.14976e7	285.0254513888889
9.1584e7	288.11369444444443
9.16704e7	285.20651157407406
9.17568e7	287.17502430555555
9.18432e7	283.5423692129629
9.19296e7	285.01128124999997
9.2016e7	284.9209456018518
9.21024e7	283.5356631944444
9.21888e7	280.9803240740741
9.22752e7	281.9594895833333
9.23616e7	283.67602662037035
9.2448e7	282.26338773148143
9.25344e7	282.1613518518518
9.26208e7	282.63834027777773
9.27072e7	283.42671296296294
9.27936e7	287.1430874216878
9.288e7	287.33707714719026
9.29664e7	287.43057580881043
9.30528e7	284.5192002314815
9.31392e7	284.5022476851852
9.32256e7	284.14401504629626
9.3312e7	285.74657060185183
9.33984e7	289.26720138888885
9.34848e7	286.172693287037
9.35712e7	284.7437650462963
9.36576e7	286.17952777777776
9.3744e7	285.7817407407407
9.38304e7	283.96580324074074
9.39168e7	284.4563148148148
9.40032e7	283.4915839218456
9.40896e7	285.6021597222222
9.4176e7	285.77257986111107
9.42624e7	285.97620138888885
9.43488e7	288.0151898148148
9.44352e7	285.39544328703704
9.45216e7	286.5559618055555
9.4608e7	285.8836064814815
9.46944e7	285.20334259259255
9.47808e7	285.6118923611111
9.48672e7	285.3253217592592
9.49536e7	285.1669717190016
9.504e7	284.94678124999996
9.51264e7	286.77987210648143
9.52128e7	286.9401643518518
9.52992e7	286.5124097222222
9.53856e7	287.46143561418245
9.5472e7	288.7906423611111
9.55584e7	290.4348136574074
9.56448e7	290.659255787037
9.57312e7	288.1642881944444
9.58176e7	287.12952814604375
9.5904e7	288.9360023148148
9.59904e7	289.2750752314815
9.60768e7	289.80644907407407
9.61632e7	293.6707314814815
9.62496e7	290.05288541666664
9.6336e7	286.6662060185185
9.64224e7	285.9603009259259
9.65088e7	286.8940104166667
9.65952e7	286.3095555555555
9.66816e7	287.12800773908236
9.6768e7	287.8028935185185
9.68544e7	288.918505787037
9.69408e7	288.71765856481477
9.70272e7	288.1601909722222
9.71136e7	289.90524305555556
9.72e7	286.73443171296293
9.72864e7	288.4949533572556
9.73728e7	290.0567361555117
9.74592e7	291.1453194444444
9.75456e7	291.0674722222222
9.7632e7	292.1424895833333
9.77184e7	292.49394895056815
9.78048e7	294.6347001705653
9.78912e7	296.29360300925924
9.79776e7	298.05513194444444
9.8064e7	298.5281412037037
9.81504e7	298.503568287037
9.82368e7	292.6867380254389
9.83232e7	293.9097563014403
9.84096e7	290.44358796296297
9.8496e7	286.8946643518518
9.85824e7	288.3288078703703
9.86688e7	290.2848622685185
9.87552e7	291.41951041666664
9.88416e7	291.2088449074074
9.8928e7	290.46246527777777
9.90144e7	290.60706914727507
9.91008e7	290.62869328703704
9.91872e7	291.3378217592592
9.92736e7	293.01437615740736
9.936e7	290.0524155092592
9.94464e7	290.4359363425926
9.95328e7	292.1188969907407
9.96192e7	293.9009085648148
9.97056e7	290.53213078703703
9.9792e7	291.4741226851852
9.98784e7	288.7271597222222
9.99648e7	288.6582951388889
1.000512e8	289.15936805555555
1.001376e8	290.8670520833333
1.00224e8	291.09709457671954
1.003104e8	289.85987615740737
1.003968e8	288.6549103009259
1.004832e8	290.1604004629629
1.005696e8	291.68559027777775
1.00656e8	292.94408912037034
1.007424e8	295.67930671296295
1.008288e8	293.4312465277778
1.009152e8	295.28843287037034
1.010016e8	295.8675104166666
1.01088e8	291.9511030092592
1.011744e8	292.7763865740741
1.012608e8	292.6755416666666
1.013472e8	294.34319907407405
1.014336e8	291.60373263888886
1.0152e8	292.19139236111107
1.016064e8	294.9435219907407
1.016928e8	294.1376909722222
1.017792e8	295.25773032407403
1.018656e8	293.9499398148148
1.01952e8	294.6204270833333
1.020384e8	294.125098413327
1.021248e8	293.34085763888885
1.022112e8	293.14585185185183
1.022976e8	292.993787037037
1.02384e8	294.10183912037036
1.024704e8	293.06167129629625
1.025568e8	292.1377465277778
1.026432e8	292.40490162037037
1.027296e8	292.2972453703703
1.02816e8	291.07757291666667
1.029024e8	291.7128981481481
1.029888e8	292.07957060185186
1.030752e8	290.8407997685185
1.031616e8	291.6687349537037
1.03248e8	289.9152192123559
1.033344e8	288.32414994331066
1.034208e8	287.13078935185183
1.035072e8	287.4669097222222
1.035936e8	288.4685173611111
1.0368e8	287.60056656140017
1.037664e8	287.7378993055555
1.038528e8	287.6588958333333
1.039392e8	287.6570381944444
1.040256e8	289.48219907407406
1.04112e8	290.3322233796296
1.041984e8	290.34871990740737
1.042848e8	291.48020254629625
1.043712e8	288.48659375
1.044576e8	289.3263599537037
1.04544e8	290.4442256944444
1.046304e8	289.20418634259255
1.047168e8	287.8056423611111
1.048032e8	287.9810532407407
1.048896e8	286.2039588230057
1.04976e8	287.89784259259255
1.050624e8	288.7777835648148
1.051488e8	288.3386238425926
1.052352e8	286.42483564814813
1.053216e8	285.8245983796296
1.05408e8	285.85575925925923
1.054944e8	284.73479745370366
1.055808e8	284.97917245370365
1.056672e8	286.6355123181217
1.057536e8	286.7727488425926
1.0584e8	288.33369907407405
1.059264e8	286.11066666666665
1.060128e8	285.77732986111107
1.060992e8	286.82741666666664
1.061856e8	287.62809027777774
1.06272e8	286.28413773148145
1.063584e8	285.01276388888886
1.064448e8	284.9835069444444
1.065312e8	283.9155034722222
1.066176e8	283.4939386574074
1.06704e8	282.8986712962963
1.067904e8	282.09858796296294
1.068768e8	283.78333912037033
1.069632e8	284.6390381944444
1.070496e8	284.0150381944444
1.07136e8	284.5963136574074
1.072224e8	283.92776157407405
1.073088e8	283.5461248323306
1.073952e8	284.2963321759259
1.074816e8	284.75310648148144
1.07568e8	287.125101608699
1.076544e8	285.96421296296296
1.077408e8	284.94861689814815
1.078272e8	283.37248032407405
1.079136e8	281.45718338632304
1.08e8	281.917630787037
1.080864e8	284.48468749999995
1.081728e8	283.9057384259259
1.082592e8	283.3238993055555
1.083456e8	283.92177893518516
1.08432e8	285.3557037037037
1.085184e8	285.1883159722222
1.086048e8	282.04620138888885
1.086912e8	281.230443287037
1.087776e8	284.6998831018518
1.08864e8	286.8903379629629
1.089504e8	288.0577349537037
1.090368e8	285.74989814814813
1.091232e8	286.18716782407404
1.092096e8	288.7654918981481
1.09296e8	287.9382233796296
1.093824e8	285.5876828703704
1.094688e8	284.4128518518518
1.095552e8	280.9120277777778
1.096416e8	280.07947685185184
1.09728e8	283.3922627314815
1.098144e8	282.5257083333333
1.099008e8	283.9182638888889
1.099872e8	282.9643958333333
1.100736e8	280.1321585648148
1.1016e8	276.59811689814813
1.102464e8	275.0250509259259
1.103328e8	273.84139978213506
1.104192e8	279.30440162037036
1.105056e8	279.89268171296294
1.10592e8	277.72822685185184
1.106784e8	281.83771527777776
1.107648e8	279.89309143518517
1.108512e8	280.74789120370366
1.109376e8	279.27545254629626
1.11024e8	279.5704058184243
1.111104e8	283.53782523148146
1.111968e8	284.58456134259256
1.112832e8	282.94691666666665
1.113696e8	285.07296527777777
1.11456e8	284.867912037037
1.115424e8	280.39332638888885
1.116288e8	283.12587037037036
1.117152e8	282.54455671296296
1.118016e8	283.6076319444444
1.11888e8	279.01235532407406
1.119744e8	278.66458796296297
1.120608e8	277.266349537037
1.121472e8	276.6962283950617
1.122336e8	278.99043865740737
1.1232e8	279.36680787037034
1.124064e8	284.38453009259257
1.124928e8	284.92786805555556
1.125792e8	285.69193055555553
1.126656e8	286.24404513888885
1.12752e8	284.0202222222222
1.128384e8	284.4289699074074
1.129248e8	283.4823148148148
1.130112e8	282.601662037037
1.130976e8	281.3464212962963
1.13184e8	279.1868206018518
1.132704e8	282.8043645833333
1.133568e8	277.8275196759259
1.134432e8	279.02857291666663
1.135296e8	279.7434097222222
1.13616e8	278.0955358796296
1.137024e8	279.2954884259259
1.137888e8	275.3333333333333
1.138752e8	272.2868761574074
1.139616e8	272.50622017510705
1.14048e8	272.9203136574074
1.141344e8	272.9225738551051
1.142208e8	273.7403384259259
1.143072e8	274.85715856481477
1.143936e8	275.45763773148144
1.1448e8	276.1855324074074
1.145664e8	276.8172129629629
1.146528e8	276.5371261574074
1.147392e8	274.9976458333333
1.148256e8	275.1594965277778
1.14912e8	272.725693287037
1.149984e8	272.8064074074074
1.150848e8	268.9796435185185
1.151712e8	272.85267219650206
1.152576e8	272.8359375
1.15344e8	268.01695138888886
1.154304e8	269.34553819444443
1.155168e8	271.5728287037037
1.156032e8	275.561474537037
1.156896e8	278.40302893518515
1.15776e8	282.2957280092592
1.158624e8	281.7882060185185
1.159488e8	284.21373958333334
1.160352e8	280.4088194444444
1.161216e8	282.3299849537037
1.16208e8	279.901380787037
1.162944e8	277.3433935185185
1.163808e8	279.35278819444443
1.164672e8	281.06841782407406
1.165536e8	279.0844849537037
1.1664e8	277.2297418981481
1.167264e8	278.3805034722222
1.168128e8	282.4047465277778
1.168992e8	281.40774074074073
1.169856e8	280.4840636574074
1.17072e8	279.9300162037037
1.171584e8	278.2796423611111
1.172448e8	277.4102523148148
1.173312e8	273.49951157407406
1.174176e8	271.5230347222222
1.17504e8	273.9927199074074
1.175904e8	273.13460771830535
1.176768e8	273.04991666666666
1.177632e8	274.7342534722222
1.178496e8	276.1131698279436
1.17936e8	276.328037037037
1.180224e8	278.420412037037
1.181088e8	279.25001273148143
1.181952e8	278.6891447677497
1.182816e8	279.0477546296296
1.18368e8	277.04444328703704
1.184544e8	276.3554699074074
1.185408e8	276.77576773852655
1.186272e8	275.5631458333333
1.187136e8	275.4282118055555
1.188e8	274.7729799069903
1.188864e8	275.3614016203704
1.189728e8	277.39724884259255
1.190592e8	276.89560185185184
1.191456e8	277.4735162037037
1.19232e8	276.52652777777774
1.193184e8	276.9934097222222
1.194048e8	276.77068287037036
1.194912e8	276.8965474537037
1.195776e8	277.0674502314815
1.19664e8	276.5973344907407
1.197504e8	275.86576157407404
1.198368e8	276.3423912037037
1.199232e8	277.8633506944444
1.200096e8	281.36536574074074
1.20096e8	282.2662048611111
1.201824e8	279.359318287037
1.202688e8	278.945875
1.203552e8	280.2289398148148
1.204416e8	280.06526041666666
1.20528e8	281.7300138888889
1.206144e8	281.41141319444444
1.207008e8	281.3748784722222
1.207872e8	280.2542222222222
1.208736e8	278.45943518518516
1.2096e8	281.0741712962963
1.210464e8	281.5929155092592
1.211328e8	282.0819270833333
1.212192e8	282.3068819444444
1.213056e8	282.4337175925926
1.21392e8	280.3260185185185
1.214784e8	280.48240219907404
1.215648e8	280.329349537037
1.216512e8	283.13076041666665
1.217376e8	283.70084143518517
1.21824e8	284.07649884259257
1.219104e8	282.5431284722222
1.219968e8	282.66659027777774
1.220832e8	280.97370530120315
1.221696e8	281.4668125
1.22256e8	281.4852326388889
1.223424e8	281.26051157407403
1.224288e8	282.6605011574074
1.225152e8	281.22063657407404
1.226016e8	283.320693287037
1.22688e8	282.54617013888884
1.227744e8	283.5238321759259
1.228608e8	282.0547071759259
1.229472e8	281.81123495370366
1.230336e8	281.75237152777777
1.2312e8	282.66458680555553
1.232064e8	282.4970462962963
1.232928e8	282.00181018518515
1.233792e8	282.41202546296296
1.234656e8	279.1901747685185
1.23552e8	278.69093402777776
1.236384e8	278.1821655092592
1.237248e8	278.8851886574074
1.238112e8	277.96043749999995
1.238976e8	280.0631550925926
1.23984e8	280.07785648148143
1.240704e8	282.9328032407407
1.241568e8	283.05930439814813
1.242432e8	286.4660416666666
1.243296e8	285.08476388888886
1.24416e8	285.6045659722222
1.245024e8	286.1427175925926
1.245888e8	288.40590740740737
1.246752e8	291.39349652777776
1.247616e8	292.3884884259259
1.24848e8	293.18746759259255
1.249344e8	293.11087822287595
1.250208e8	292.4099884259259
1.251072e8	290.73099421296297
1.251936e8	289.3762708333333
1.2528e8	284.9429456018518
1.253664e8	284.4721296296296
1.254528e8	285.46943518518515
1.255392e8	284.76693171296296
1.256256e8	287.2917662037037
1.25712e8	288.25639236111107
1.257984e8	288.46038657407405
1.258848e8	289.3377708333333
1.259712e8	293.5048171296296
1.260576e8	289.811099537037
1.26144e8	288.37563773148145
1.262304e8	288.6717048611111
1.263168e8	289.11659375
1.264032e8	289.55475925925924
1.264896e8	289.4062916666666
1.26576e8	292.11107291666667
1.266624e8	294.651156646118
1.267488e8	294.11809143518514
1.268352e8	297.4537291666666
1.269216e8	296.6706944444444
1.27008e8	297.0803692129629
1.270944e8	297.43810648148144
1.271808e8	296.07826041666664
1.272672e8	294.23998032407405
1.273536e8	294.3002071759259
1.2744e8	291.94307407407405
1.275264e8	291.73959259259254
1.276128e8	289.9567083333333
1.276992e8	288.96831944444443
1.277856e8	290.1961261574074
1.27872e8	289.7588824298088
1.279584e8	289.5484398148148
1.280448e8	291.64010879629626
1.281312e8	292.4434773815128
1.282176e8	291.8921481481481
1.28304e8	291.09865393518515
1.283904e8	289.5469571759259
1.284768e8	289.95182870370365
1.285632e8	292.19246726190477
1.286496e8	292.46379976851847
1.28736e8	294.0412210648148
1.288224e8	296.5405543981481
1.289088e8	291.8920925925926
1.289952e8	292.08513657407406
1.290816e8	290.28665046296294
1.29168e8	290.61345370370367
1.292544e8	290.8870849975345
1.293408e8	291.554989331723
1.294272e8	291.5181030092592
1.295136e8	291.2084560185185
1.296e8	288.9048819444444
1.296864e8	290.87688657407404
1.297728e8	288.9916921296296
1.298592e8	289.4984759767389
1.299456e8	291.040540910341
1.30032e8	292.1405300925926
1.301184e8	291.8356759259259
1.302048e8	292.3853819444444
1.302912e8	292.8748969907407
1.303776e8	291.59143047965995
1.30464e8	290.9471747685185
1.305504e8	290.2755532407407
1.306368e8	290.3393159722222
1.307232e8	291.41568171296296
1.308096e8	290.17315625
1.30896e8	290.3218107586887
1.309824e8	294.0007301581289
1.310688e8	296.8455706018518
1.311552e8	296.3369050925926
1.312416e8	297.1663356481481
1.31328e8	297.4620381944444
1.314144e8	298.35252777777777
1.315008e8	296.5923379629629
1.315872e8	293.61980902777776
1.316736e8	292.1963368055555
1.3176e8	293.7031296296296
1.318464e8	293.12091666666663
1.319328e8	292.5127118055555
1.320192e8	291.7655081018518
1.321056e8	290.9087684572377
1.32192e8	291.3668877314815
1.322784e8	290.7368344907407
1.323648e8	293.67987037037034
1.324512e8	293.20179398148144
1.325376e8	290.312505787037
1.32624e8	291.34009375
1.327104e8	290.7891388888889
1.327968e8	287.70051967592593
1.328832e8	287.3557569444444
1.329696e8	288.9459614222583
1.33056e8	290.35403587962963
1.331424e8	291.6108171296296
1.332288e8	290.7245879629629
1.333152e8	290.33830324074074
1.334016e8	291.2613912037037
1.33488e8	291.4919849537037
1.335744e8	291.6895798611111
1.336608e8	291.8957222222222
1.337472e8	291.7460405092592
1.338336e8	292.14803819444444
1.3392e8	292.90865454824115
1.340064e8	292.61979050925925
1.340928e8	294.9413217592592
1.341792e8	297.58247916666664
1.342656e8	296.10136226851847
1.34352e8	292.5878981481481
1.344384e8	292.97187037037037
1.345248e8	290.9231203703703
1.346112e8	291.582512620012
1.346976e8	293.42773379629625
1.34784e8	291.72655208333333
1.348704e8	290.930943287037
1.349568e8	291.46792013888887
1.350432e8	289.1305046296296
1.351296e8	291.7750829291593
1.35216e8	292.83225115740737
1.353024e8	294.39196530453864
1.353888e8	294.8772407407407
1.354752e8	293.7038275462963
1.355616e8	293.8384861111111
1.35648e8	291.40565162037035
1.357344e8	292.90464004629627
1.358208e8	296.10317013888886
1.359072e8	295.3070335648148
1.359936e8	293.61180348124094
1.3608e8	293.11228472222217
1.361664e8	290.78299768518514
1.362528e8	287.98629513888886
1.363392e8	289.07050115740736
1.364256e8	289.66356249999995
1.36512e8	290.1732407407407
1.365984e8	288.8085382771164
1.366848e8	289.1650775462963
1.367712e8	288.6446736111111
1.368576e8	291.10354282407405
1.36944e8	289.86122916666665
1.370304e8	288.64393518518517
1.371168e8	290.9985879629629
1.372032e8	291.04486921296296
1.372896e8	286.99346296296295
1.37376e8	286.3883687158215
1.374624e8	285.7451724537037
1.375488e8	286.9080648148148
1.376352e8	284.9769583333333
1.377216e8	283.4264548611111
1.37808e8	283.60340740740736
1.378944e8	283.5773333333333
1.379808e8	283.5671585648148
1.380672e8	282.6085671296296
1.381536e8	283.6549722222222
1.3824e8	283.23211805555553
1.383264e8	282.9423947830933
1.384128e8	284.1751898148148
1.384992e8	284.4535196759259
1.385856e8	284.38226157407405
1.38672e8	284.25384837962963
1.387584e8	284.42551504629625
1.388448e8	286.02141782407404
1.389312e8	285.0313269129979
1.390176e8	284.59791435185184
1.39104e8	282.92722800925924
1.391904e8	281.4909722222222
1.392768e8	281.55336921296293
1.393632e8	281.0777071759259
1.394496e8	279.7594108796296
1.39536e8	281.30469907407405
1.396224e8	286.97664004629627
1.397088e8	285.73313541666664
1.397952e8	283.7929709679502
1.398816e8	283.13870023148144
1.39968e8	285.73513985981816
1.400544e8	284.24819444444444
1.401408e8	279.56307754629626
1.402272e8	277.08489351851847
1.403136e8	281.8375555555555
1.404e8	281.1857569444444
1.404864e8	278.9312407407407
1.405728e8	275.21065162037036
1.406592e8	273.42357407407405
1.407456e8	275.0033885441292
1.40832e8	273.94421875
1.409184e8	274.33552546296295
1.410048e8	274.8841967592592
1.410912e8	275.0020023148148
1.411776e8	276.0834224537037
1.41264e8	283.2791365740741
1.413504e8	280.85782291666663
1.414368e8	280.03507581224767
1.415232e8	279.54181018518517
1.416096e8	278.8306261574074
1.41696e8	280.06713773148147
1.417824e8	282.63038078703704
1.418688e8	283.30139930555555
1.419552e8	281.10693749999996
1.420416e8	279.57098495370366
1.42128e8	279.7968252314815
1.422144e8	282.3277361111111
1.423008e8	278.3010196759259
1.423872e8	275.06332407407405
1.424736e8	278.9711724537037
1.4256e8	281.45104050925926
1.426464e8	282.62777430555553
1.427328e8	275.8340435993709
1.428192e8	274.6825671296296
1.429056e8	278.7632777777778
1.42992e8	280.0810739688552
1.430784e8	279.5174421296296
1.431648e8	280.9040694444444
1.432512e8	285.43102314814814
1.433376e8	283.7248599537037
1.43424e8	284.4883541666666
1.435104e8	282.7010150462963
1.435968e8	277.84062962962963
1.436832e8	280.13430324074073
1.437696e8	276.5519317129629
1.43856e8	274.93232523148146
1.439424e8	276.3797210648148
1.440288e8	278.78323148148144
1.441152e8	280.21494675925925
1.442016e8	280.38705555555555
1.44288e8	277.7383229166666
1.443744e8	278.4875138888889
1.444608e8	280.86584082520017
1.445472e8	280.3729375
1.446336e8	279.7124895833333
1.4472e8	282.28268055555554
1.448064e8	281.00212615740736
1.448928e8	282.0125532407407
1.449792e8	281.5222349537037
1.450656e8	279.87125115740736
1.45152e8	281.22563657407403
1.452384e8	283.5244050925926